      0/99     2.89G      1.63     0.872         0       2.5         6       416     0.309     0.253     0.118     0.279      1.45     0.474         0
      1/99     2.89G       1.3     0.717         0      2.02         6       416     0.348     0.396     0.241      0.37      1.14     0.407         0
      2/99     2.89G      1.18     0.623         0      1.81         2       416     0.488     0.438     0.311     0.462       1.1     0.368         0
      3/99     2.89G      1.12     0.575         0       1.7         5       416     0.547     0.542     0.442     0.545      1.05     0.341         0
      4/99     2.89G      1.08     0.547         0      1.63         3       416     0.563     0.608     0.518     0.584      1.06      0.33         0
      5/99     2.89G      1.02     0.529         0      1.55         4       416      0.61     0.646     0.566     0.627     0.974     0.318         0
      6/99     2.89G      1.01     0.509         0      1.52         4       416     0.643     0.632     0.568     0.637     0.962     0.308         0
      7/99     2.89G      0.97     0.499         0      1.47         6       416     0.642     0.667     0.594     0.654     0.942     0.302         0
      8/99     2.89G     0.953     0.489         0      1.44         5       416     0.627     0.719      0.65      0.67     0.935     0.294         0
      9/99     2.89G     0.944     0.466         0      1.41         4       416      0.72     0.688     0.632     0.703     0.978     0.291         0
     10/99     2.89G     0.924     0.455         0      1.38         4       416     0.744     0.688     0.625     0.715     0.972     0.289         0
     11/99     2.89G     0.905      0.45         0      1.35         6       416     0.727      0.75     0.701     0.738      0.93     0.273         0
     12/99     2.89G     0.907     0.446         0      1.35         6       416     0.708     0.726     0.675     0.717     0.914     0.271         0
     13/99     2.89G     0.895     0.424         0      1.32         4       416     0.734      0.74     0.689     0.737     0.915      0.27         0
     14/99     2.89G     0.891     0.417         0      1.31         5       416     0.697     0.743     0.678     0.719     0.937     0.263         0
     15/99     2.89G     0.874     0.425         0       1.3         4       416     0.728      0.76     0.709     0.744     0.877     0.257         0
     16/99     2.89G     0.862     0.424         0      1.29         6       416     0.753      0.76     0.711     0.756     0.944     0.252         0
     17/99     2.89G     0.852     0.402         0      1.25         3       416      0.76     0.757     0.699     0.758     0.905     0.257         0
     18/99     2.89G     0.841     0.408         0      1.25         3       416      0.75     0.771     0.714      0.76     0.917     0.251         0
     19/99     2.89G     0.835     0.397         0      1.23         5       416     0.728     0.753     0.683     0.741     0.885     0.253         0
     20/99     2.89G     0.823     0.389         0      1.21         6       416     0.776     0.771     0.719     0.774      0.86     0.254         0
     21/99     2.89G     0.837     0.391         0      1.23         4       416     0.771     0.771     0.736     0.771     0.882     0.241         0
     22/99     2.89G     0.833     0.395         0      1.23         6       416     0.726     0.774     0.725      0.75     0.887     0.255         0
     23/99     2.89G     0.816     0.388         0       1.2         4       416     0.788      0.76     0.712     0.774     0.858     0.242         0
     24/99     2.89G     0.797      0.38         0      1.18         4       416     0.724     0.774     0.712     0.748     0.896     0.238         0
     25/99     2.89G     0.801     0.373         0      1.17         2       416     0.782     0.785     0.742     0.783     0.847     0.239         0
     26/99     2.89G     0.828     0.382         0      1.21         4       416     0.758     0.781     0.738     0.769     0.851     0.236         0
     27/99     2.89G     0.814     0.378         0      1.19         4       416     0.748     0.785     0.725     0.766     0.832     0.236         0
     28/99     2.89G     0.798     0.368         0      1.17         4       416     0.807     0.767     0.722     0.786      0.84      0.24         0
     29/99     2.89G     0.798     0.371         0      1.17         5       416     0.788     0.799      0.74     0.793     0.859     0.235         0
     30/99     2.89G       0.8     0.376         0      1.18         3       416     0.737     0.809     0.758     0.772     0.833     0.236         0
     31/99     2.89G     0.801     0.379         0      1.18         4       416     0.781     0.816     0.784     0.798     0.836     0.231         0
     32/99     2.89G      0.81     0.365         0      1.18         4       416     0.743     0.802     0.743     0.771     0.867      0.23         0
     33/99     2.89G      0.78     0.368         0      1.15         6       416     0.811     0.802     0.758     0.806     0.851     0.224         0
     34/99     2.89G      0.78     0.368         0      1.15         5       416     0.762     0.802     0.756     0.782     0.849     0.226         0
     35/99     2.89G     0.787     0.364         0      1.15         7       416     0.777     0.799     0.736     0.788     0.839     0.232         0
     36/99     2.89G     0.771     0.355         0      1.13         5       416     0.788     0.826     0.769     0.807     0.813     0.223         0
     37/99     2.89G     0.761     0.359         0      1.12         3       416     0.784     0.792      0.74     0.788     0.836     0.229         0
     38/99     2.89G     0.758     0.357         0      1.12         6       416     0.797     0.844     0.798      0.82     0.822     0.226         0
     39/99     2.89G     0.757     0.354         0      1.11         4       416     0.779     0.819     0.778     0.799     0.818      0.23         0
     40/99     2.89G     0.759     0.343         0       1.1         3       416     0.845     0.851     0.823     0.848     0.819     0.218         0
     41/99     2.89G     0.761     0.351         0      1.11         5       416     0.781     0.868     0.813     0.822     0.822     0.222         0
     42/99     2.89G     0.744     0.348         0      1.09         4       416     0.773     0.851     0.805      0.81      0.81     0.227         0
     43/99     2.89G     0.734     0.344         0      1.08         6       416     0.811     0.837     0.784     0.824     0.802     0.217         0
     44/99     2.89G     0.741     0.344         0      1.08         5       416     0.828     0.854      0.82     0.841       0.8     0.218         0
     45/99     2.89G     0.734     0.335         0      1.07         6       416     0.776     0.865     0.821     0.818     0.802     0.218         0
     46/99     2.89G     0.746     0.344         0      1.09         7       416     0.792     0.833     0.786     0.812     0.798     0.224         0
     47/99     2.89G     0.746     0.352         0       1.1         5       416      0.78     0.851     0.802     0.814     0.819     0.217         0
     48/99     2.89G     0.747     0.341         0      1.09         6       416     0.827     0.847     0.804     0.837     0.772     0.215         0
     49/99     2.89G     0.742     0.349         0      1.09         6       416     0.834     0.858     0.821     0.846     0.796     0.222         0
     50/99     2.89G     0.735     0.337         0      1.07         4       416     0.779     0.868     0.823     0.821       0.8     0.224         0
     51/99     2.89G      0.72     0.334         0      1.05         4       416     0.858     0.861     0.817      0.86     0.803      0.22         0
     52/99     2.89G     0.721     0.336         0      1.06         3       416     0.799     0.872     0.833     0.834     0.798     0.215         0
     53/99     2.89G     0.733      0.33         0      1.06         4       416     0.818     0.872     0.842     0.844     0.794     0.212         0
     54/99     2.89G     0.743     0.337         0      1.08         5       416     0.854     0.875     0.841     0.864     0.787     0.216         0
     55/99     2.89G     0.721     0.325         0      1.05         4       416     0.777     0.847     0.797     0.811     0.783     0.224         0
     56/99     2.89G     0.721     0.333         0      1.05         4       416     0.845     0.868     0.823     0.856     0.808     0.214         0
     57/99     2.89G     0.718     0.327         0      1.05         5       416     0.821     0.878     0.838     0.849     0.819     0.211         0
     58/99     2.89G     0.718     0.333         0      1.05         5       416     0.821     0.889     0.844     0.853      0.81     0.213         0
     59/99     2.89G     0.711     0.325         0      1.04         6       416     0.798     0.878     0.825     0.836     0.791     0.213         0
     60/99     2.89G     0.716     0.333         0      1.05         5       416     0.829     0.875     0.846     0.851     0.795      0.21         0
     61/99     2.89G      0.71     0.328         0      1.04         3       416     0.809     0.882     0.848     0.844     0.791     0.221         0
     62/99     2.89G     0.704     0.321         0      1.02         3       416     0.775     0.896     0.851     0.831     0.794     0.215         0
     63/99     2.89G     0.708     0.323         0      1.03         5       416     0.799     0.882     0.841     0.838      0.79      0.22         0
     64/99     2.89G     0.696     0.326         0      1.02         8       416     0.803     0.878      0.84     0.839     0.776     0.207         0
     65/99     2.89G     0.696     0.317         0      1.01         2       416     0.798     0.865      0.83      0.83     0.802     0.211         0
     66/99     2.89G     0.696     0.313         0      1.01         5       416     0.801     0.896     0.861     0.846     0.781     0.219         0
     67/99     2.89G     0.695     0.315         0      1.01         3       416     0.802     0.872     0.832     0.835     0.781     0.215         0
     68/99     2.89G     0.693     0.318         0      1.01         3       416     0.806     0.865     0.821     0.834     0.795     0.212         0
     69/99     2.89G     0.692     0.318         0      1.01         5       416     0.837     0.892     0.858     0.864     0.759     0.201         0
     70/99     2.89G     0.697     0.315         0      1.01         5       416      0.86     0.872     0.842     0.866     0.777     0.206         0
     71/99     2.89G     0.694      0.32         0      1.01         3       416     0.798     0.889     0.851     0.841     0.765     0.214         0
     72/99     2.89G     0.693     0.315         0      1.01         6       416     0.875     0.878      0.84     0.877      0.79     0.203         0
     73/99     2.89G     0.692     0.308         0         1         5       416     0.847     0.885     0.853     0.866     0.807     0.207         0
     74/99     2.89G     0.691      0.31         0         1         5       416     0.814     0.899     0.862     0.855     0.792     0.206         0
     75/99     2.89G     0.681     0.306         0     0.987         4       416     0.866     0.896     0.867     0.881     0.796       0.2         0
     76/99     2.89G     0.688     0.316         0         1         4       416     0.839     0.906     0.878     0.871     0.764     0.202         0
     77/99     2.89G      0.69     0.308         0     0.998         3       416     0.823     0.872     0.841     0.847     0.775     0.205         0
     78/99     2.89G     0.687     0.314         0         1         6       416     0.834     0.892     0.867     0.862     0.759     0.215         0
     79/99     2.89G     0.675     0.303         0     0.977         4       416     0.829     0.861      0.83     0.845     0.765     0.212         0
     80/99     2.89G     0.683     0.307         0      0.99         4       416     0.833     0.885     0.849     0.859     0.756     0.207         0
     81/99     2.89G     0.665     0.305         0     0.969         5       416     0.839     0.889     0.853     0.863     0.737     0.203         0
     82/99     2.89G     0.644     0.302         0     0.946         3       416     0.848     0.889     0.856     0.868      0.75     0.206         0
     83/99     2.89G     0.634     0.297         0     0.931         5       416     0.845     0.889     0.859     0.866     0.754     0.205         0
     84/99     2.89G     0.635     0.289         0     0.923         4       416      0.84     0.896     0.869     0.867     0.744     0.203         0
     85/99     2.89G     0.622     0.289         0     0.911         5       416      0.84     0.892     0.865     0.865     0.732     0.201         0
     86/99     2.89G     0.629     0.293         0     0.921         4       416     0.862     0.892     0.868     0.877     0.739     0.201         0
     87/99     2.89G     0.623      0.29         0     0.913         5       416     0.855     0.882     0.855     0.868     0.746     0.203         0
     88/99     2.89G     0.619     0.291         0      0.91         3       416     0.849     0.896     0.862     0.872     0.737     0.201         0
     89/99     2.89G     0.615     0.282         0     0.897         3       416     0.837     0.892     0.863     0.864     0.736       0.2         0
     90/99     2.89G     0.608      0.29         0     0.898         4       416     0.858     0.899     0.871     0.878     0.741     0.202         0
     91/99     2.89G     0.616     0.291         0     0.907         4       416     0.854     0.892     0.867     0.873     0.739     0.201         0
     92/99     2.89G     0.614     0.288         0     0.902         4       416      0.85     0.889     0.858     0.869     0.738       0.2         0
     93/99     2.89G     0.612     0.281         0     0.893         3       416      0.85     0.889     0.857     0.869     0.739       0.2         0
     94/99     2.89G     0.605      0.29         0     0.895         3       416     0.854     0.892     0.867     0.873     0.743     0.201         0
     95/99     2.89G     0.619      0.29         0     0.909         6       416     0.859     0.889     0.858     0.874     0.738     0.201         0
     96/99     2.89G     0.613     0.283         0     0.897         4       416      0.86     0.896     0.867     0.878     0.737     0.201         0
     97/99     2.89G     0.614     0.288         0     0.901         4       416     0.857     0.896     0.867     0.876     0.739     0.202         0
     98/99     2.89G     0.615     0.285         0       0.9         5       416     0.856     0.885     0.857      0.87     0.738     0.202         0
     99/99     2.89G     0.608     0.285         0     0.893         4       416    0.0573     0.965     0.913     0.108      0.74     0.201         0
